0.0 0.10183796 0.52981997 0.043135785 0.043135785
0.0 0.14084771 0.49906227 0.047636908 0.055138785
0.0 0.1536009 0.55101275 0.051387846 0.051762942
0.0 0.15191297 0.6020255 0.05776444 0.044261064
0.0 0.19504876 0.63784695 0.044261064 0.04163541
0.0 0.23893474 0.63315827 0.05251313 0.047261816
0.0 0.19504876 0.5738935 0.05251313 0.044261064
0.0 0.23724681 0.5866467 0.046886723 0.053263314
0.0 0.2923856 0.6175919 0.052138034 0.046886723
0.0 0.31170294 0.58383346 0.045011252 0.048387095
0.0 0.34264815 0.6265941 0.045386348 0.052138034
0.0 0.3835334 0.62134284 0.051387846 0.052138034
0.0 0.44111028 0.6260315 0.056264065 0.051762942
0.0 0.39216053 0.5723931 0.05663916 0.051012754
0.0 0.3238935 0.536009 0.05363841 0.05251313
0.0 0.2848837 0.5075019 0.05663916 0.048012003
0.0 0.2785071 0.5440735 0.051387846 0.039384846
0.0 0.22693174 0.51406604 0.053263314 0.05063766
0.0 0.19504876 0.52381843 0.05251313 0.051387846
0.0 0.20686422 0.47093022 0.046136536 0.049137283
0.0 0.23780945 0.4604276 0.05776444 0.051387846
0.0 0.29463616 0.4487997 0.060390096 0.058139537
0.0 0.18248312 0.415979 0.049137283 0.050262567
0.0 0.13915978 0.4371718 0.046511628 0.042385597
0.0 0.18567142 0.36777943 0.0540135 0.05063766
0.0 0.23593399 0.39047262 0.055513877 0.04951238
0.0 0.28732184 0.3972243 0.05776444 0.050262567
0.0 0.2539385 0.34339836 0.05851463 0.05363841
0.0 0.19336084 0.3255814 0.05888972 0.0540135
0.0 0.16241561 0.30645162 0.04576144 0.051012754
0.0 0.19523631 0.26894224 0.048387095 0.0540135
0.0 0.23143286 0.2848837 0.060765192 0.051387846
0.0 0.23218304 0.21849212 0.06526632 0.052888222
0.0 0.29894975 0.26894224 0.0540135 0.047261816
0.0 0.32070518 0.33252063 0.05251313 0.058139537
0.0 0.36665416 0.35615155 0.05738935 0.05663916
0.0 0.35127532 0.40416354 0.055888973 0.060390096
0.0 0.3908477 0.442048 0.05851463 0.05663916
0.0 0.43267065 0.43567142 0.05663916 0.060390096
0.0 0.44748688 0.48574644 0.056264065 0.04951238
0.0 0.3400225 0.487997 0.052888222 0.05851463
0.0 0.39441112 0.5052513 0.055138785 0.055513877
0.0 0.44617406 0.53450865 0.048387095 0.05851463
0.0 0.47843212 0.5853338 0.05063766 0.054388598
0.0 0.52269316 0.5530758 0.04988747 0.05963991
0.0 0.50900227 0.497937 0.057014253 0.052138034
0.0 0.49268568 0.44748688 0.05738935 0.06376594
0.0 0.47693172 0.38390848 0.060390096 0.052888222
0.0 0.42085522 0.3732183 0.051012754 0.059264816
0.0 0.37696925 0.31620404 0.06301575 0.07576894
0.0 0.35052514 0.28450862 0.055888973 0.06189047
0.0 0.34471118 0.21961741 0.057014253 0.05888972
0.0 0.391973 0.177982 0.060765192 0.06189047
0.0 0.44748688 0.2051763 0.062265567 0.06151538
0.0 0.40247563 0.24324831 0.04876219 0.06489122
0.0 0.44936234 0.26781696 0.06301575 0.06376594
0.0 0.46417853 0.32539386 0.06339085 0.05738935
0.0 0.5168792 0.28994748 0.060765192 0.07126781
0.0 0.5166917 0.21249062 0.06489122 0.066391595
0.0 0.5851463 0.19636159 0.06751688 0.05888972
0.0 0.56376594 0.24906227 0.062265567 0.062265567
0.0 0.63747185 0.24831207 0.067141786 0.077269316
0.0 0.5943361 0.30982745 0.06339085 0.062265567
0.0 0.5617029 0.3627157 0.064141035 0.06151538
0.0 0.6474118 0.348087 0.05776444 0.0660165
0.0 0.70180047 0.29988748 0.057014253 0.06489122
0.0 0.701988 0.3891598 0.05738935 0.066391595
0.0 0.6194674 0.42666918 0.06339085 0.06189047
0.0 0.54688674 0.42104277 0.05251313 0.05888972
0.0 0.5813953 0.4699925 0.06451613 0.05476369
0.0 0.6397224 0.48574644 0.06264066 0.05251313
0.0 0.6856714 0.4484246 0.05776444 0.06264066
0.0 0.57164294 0.52231807 0.05251313 0.05738935
0.0 0.62828207 0.5440735 0.056264065 0.054388598
0.0 0.6196549 0.59583646 0.055513877 0.05063766
0.0 0.6768567 0.5723931 0.05663916 0.059264816
0.0 0.6624156 0.63784695 0.06151538 0.052888222
0.0 0.7291823 0.62059265 0.060765192 0.049137283
0.0 0.78825957 0.64103526 0.06264066 0.051762942
0.0 0.83495873 0.6597899 0.05851463 0.044261064
0.0 0.73537135 0.56057763 0.05738935 0.05663916
0.0 0.7424981 0.5082521 0.066391595 0.0540135
0.0 0.8012003 0.5290698 0.05776444 0.04988747
0.0 0.8025131 0.5703301 0.060390096 0.045386348
0.0 0.7625656 0.4572393 0.06526632 0.060765192
0.0 0.8147037 0.47843212 0.06526632 0.05963991
0.0 0.76050264 0.36459115 0.061140284 0.06451613
0.0 0.82933235 0.36571643 0.07126781 0.06301575
0.0 0.8323331 0.42573142 0.07276819 0.05776444
0.0 0.8645911 0.48087022 0.05251313 0.06151538
0.0 0.8728432 0.55176294 0.05476369 0.05776444
0.0 0.9268567 0.5748312 0.05476369 0.058139537
0.0 0.9047262 0.6175919 0.0660165 0.054388598
0.0 0.89497375 0.6776069 0.05251313 0.058139537
