0. 0.10187 0.54 0.04312 0.0575
0. 0.1412 0.4988 0.04764 0.0735
0. 0.1539 0.5684 0.0514 0.069
0. 0.1521 0.636 0.0574 0.059
0. 0.1954 0.684 0.04425 0.0555
0. 0.2393 0.6777 0.05252 0.063
0. 0.1951 0.5986 0.05252 0.059
0. 0.2373 0.6157 0.04688 0.071
0. 0.2927 0.657 0.05212 0.0625
0. 0.312 0.612 0.045 0.0645
0. 0.343 0.669 0.04538 0.0695
0. 0.3838 0.662 0.0514 0.0695
0. 0.4412 0.668 0.05627 0.069
0. 0.3923 0.5967 0.05664 0.068
0. 0.3242 0.5483 0.05365 0.07
0. 0.285 0.51 0.05664 0.064
0. 0.2788 0.559 0.0514 0.0525
0. 0.2273 0.519 0.05325 0.0675
0. 0.1954 0.532 0.05252 0.0685
0. 0.2069 0.4617 0.04614 0.0655
0. 0.238 0.4473 0.0574 0.0685
0. 0.295 0.4321 0.0604 0.0775
0. 0.1825 0.388 0.04913 0.067
0. 0.1392 0.4167 0.0465 0.0565
0. 0.186 0.3242 0.05402 0.0675
0. 0.236 0.354 0.0555 0.066
0. 0.2876 0.363 0.05777 0.067
0. 0.254 0.2913 0.0585 0.0715
0. 0.1937 0.2676 0.0589 0.072
0. 0.1625 0.242 0.04578 0.068
0. 0.1956 0.192 0.0484 0.072
0. 0.2318 0.2137 0.06076 0.0685
0. 0.2325 0.12476 0.06525 0.0705
0. 0.2993 0.192 0.05402 0.063
0. 0.3208 0.2769 0.05252 0.0775
0. 0.367 0.3083 0.0574 0.0755
0. 0.3516 0.3723 0.05588 0.0805
0. 0.391 0.4229 0.0585 0.0755
0. 0.4329 0.4143 0.05664 0.0805
0. 0.4475 0.4814 0.05627 0.066
0. 0.3403 0.484 0.0529 0.078
0. 0.3945 0.507 0.05515 0.074
0. 0.4463 0.5464 0.0484 0.078
0. 0.4785 0.614 0.05063 0.0725
0. 0.523 0.571 0.0499 0.0795
0. 0.5093 0.4973 0.057 0.0695
0. 0.493 0.4304 0.0574 0.085
0. 0.477 0.3457 0.0604 0.0705
0. 0.421 0.331 0.05103 0.079
0. 0.377 0.255 0.063 0.101
0. 0.3506 0.2128 0.05588 0.0825
0. 0.345 0.1267 0.057 0.0785
0. 0.392 0.0712 0.06076 0.0825
0. 0.4475 0.107 0.06226 0.082
0. 0.4026 0.1582 0.04877 0.0865
0. 0.4495 0.1906 0.063 0.085
0. 0.4644 0.2673 0.0634 0.0765
0. 0.517 0.22 0.06076 0.095
0. 0.517 0.11676 0.0649 0.0885
0. 0.5854 0.0953 0.0675 0.0785
0. 0.564 0.1655 0.06226 0.083
0. 0.6377 0.1646 0.06714 0.103
0. 0.5947 0.2465 0.0634 0.083
0. 0.562 0.317 0.06415 0.082
0. 0.6475 0.2976 0.05777 0.088
0. 0.702 0.2333 0.057 0.0865
0. 0.702 0.3523 0.0574 0.0885
0. 0.6196 0.4023 0.0634 0.0825
0. 0.547 0.3948 0.05252 0.0785
0. 0.5815 0.46 0.0645 0.073
0. 0.64 0.481 0.0626 0.07
0. 0.686 0.4316 0.05777 0.0835
0. 0.572 0.53 0.05252 0.0765
0. 0.6284 0.559 0.05627 0.0725
0. 0.62 0.628 0.0555 0.0675
0. 0.6772 0.5967 0.05664 0.079
0. 0.6626 0.684 0.06152 0.0705
0. 0.7295 0.661 0.06076 0.0655
0. 0.7886 0.688 0.0626 0.069
0. 0.835 0.713 0.0585 0.059
0. 0.7354 0.581 0.0574 0.0755
0. 0.7427 0.511 0.0664 0.072
0. 0.8013 0.539 0.05777 0.0665
0. 0.8027 0.594 0.06076 0.0605
0. 0.7627 0.443 0.06525 0.081
0. 0.815 0.4717 0.06525 0.0795
0. 0.7607 0.3196 0.06113 0.086
0. 0.8296 0.321 0.0713 0.084
0. 0.8325 0.401 0.07275 0.077
0. 0.8647 0.4746 0.05252 0.082
0. 0.873 0.569 0.05475 0.077
0. 0.9272 0.6 0.05475 0.0775
0. 0.905 0.657 0.06604 0.0725
0. 0.895 0.737 0.05252 0.0775
